sender	time
8 0.00
10 0.01
3 0.06
7 0.10
8 0.13
3 0.15
5 0.17
8 0.18
3 0.19
5 0.20
3 0.21
2 0.22
11 0.28
8 0.30
2 0.33
6 0.34
5 0.36
1 0.37
3 0.39
1 0.40
3 0.43
1 0.44
5 0.49
6 0.51
1 0.52
6 0.54
5 0.55
6 0.57
10 0.59
6 0.60
7 0.61
6 0.62
7 0.63
7 0.68
1 0.69
7 0.70
6 0.71
1 0.72
7 0.75
6 0.76
11 0.77
1 0.81
2 0.82
1 0.84
11 0.87
1 0.89
2 0.93
1 0.94
7 0.97
2 0.99
1 0.99
6 1.01
7 1.06
2 1.07
7 1.08
2 1.11
7 1.14
2 1.18
7 1.18
1 1.19
2 1.24
7 1.25
2 1.27
7 1.28
1 1.29
7 1.36
1 1.38
7 1.39
1 1.40
7 1.41
2 1.43
7 1.45
1 1.45
1 1.50
7 1.51
6 1.53
6 1.55
7 1.56
2 1.59
7 1.60
2 1.62
7 1.63
2 1.65
7 1.67
6 1.68
2 1.69
7 1.70
2 1.71
6 1.72
2 1.72
1 1.73
7 1.74
1 1.75
2 1.76
7 1.79
6 1.81
1 1.82
7 1.83
1 1.84
6 1.86
7 1.87
7 1.90
6 1.92
1 1.94
6 1.95
2 1.96
7 1.97
6 1.98
1 1.99
4 2.00
1 2.02
7 2.03
1 2.05
4 2.06
7 2.07
4 2.08
7 2.09
1 2.10
6 2.12
1 2.13
6 2.14
6 2.16
2 2.17
1 2.22
7 2.23
1 2.26
7 2.28
2 2.29
7 2.30
6 2.34
5 2.35
13 2.37
6 2.38
13 2.39
2 2.40
6 2.45
2 2.48
6 2.49
5 2.50
2 2.52
5 2.53
2 2.56
1 2.57
6 2.58
1 2.60
6 2.62
8 2.63
10 2.66
1 2.71
10 2.74
7 2.76
2 2.79
2 2.80
5 2.81
2 2.82
7 2.84
6 2.85
2 2.87
7 2.88
3 2.89
10 2.90
1 2.91
7 2.96
1 2.97
7 2.98
5 2.98
1 2.99
2 3.02
1 3.04
6 3.06
1 3.07
2 3.09
1 3.11
2 3.12
5 3.16
2 3.18
1 3.21
1 3.23
7 3.24
7 3.25
7 3.28
2 3.29
6 3.32
8 3.35
6 3.35
2 3.38
6 3.42
5 3.44
13 3.46
3 3.48
1 3.51
5 3.52
1 3.53
3 3.55
7 3.57
2 3.60
1 3.62
2 3.63
6 3.65
1 3.66
2 3.67
1 3.70
2 3.71
1 3.72
1 3.76
2 3.79
1 3.80
7 3.84
1 3.86
2 3.87
1 3.90
2 3.93
7 3.96
5 3.97
1 3.98
7 4.00
2 4.05
1 4.07
2 4.08
1 4.10
7 4.11
7 4.13
2 4.14
1 4.15
2 4.16
1 4.19
2 4.20
1 4.22
2 4.25
7 4.26
2 4.27
1 4.29
7 4.31
1 4.34
2 4.34
1 4.41
7 4.42
1 4.44
7 4.47
2 4.48
7 4.49
2 4.51
1 4.52
7 4.54
2 4.57
1 4.58
7 4.59
1 4.61
7 4.62
1 4.63
7 4.64
2 4.66
5 4.67
7 4.68
2 4.71
1 4.72
7 4.73
7 4.75
5 4.77
1 4.78
7 4.79
1 4.79
4 4.80
1 4.81
7 4.82
4 4.83
2 4.84
7 4.89
2 4.91
5 4.92
2 4.94
7 4.97
2 4.99
7 5.02
2 5.03
7 5.04
2 5.06
7 5.08
2 5.09
7 5.11
7 5.14
7 5.17
2 5.18
1 5.19
2 5.21
7 5.22
2 5.23
7 5.24
1 5.26
5 5.27
7 5.28
5 5.29
7 5.30
2 5.31
5 5.32
2 5.33
7 5.34
5 5.38
5 5.40
7 5.41
2 5.42
5 5.42
7 5.43
5 5.46
7 5.47
2 5.48
1 5.50
1 5.56
2 5.61
7 5.61
1 5.62
1 5.64
14 5.67
1 5.68
4 5.69
6 5.70
4 5.73
6 5.74
2 5.77
1 5.78
1 5.79
2 5.81
1 5.82
2 5.85
1 5.86
2 5.87
1 5.89
2 5.91
10 5.93
1 5.94
14 5.95
5 5.97
10 6.00
1 6.01
5 6.03
7 6.05
1 6.06
1 6.11
7 6.19
1 6.23
6 6.25
1 6.26
7 6.28
10 6.30
1 6.32
6 6.33
2 6.35
11 6.39
6 6.40
2 6.45
6 6.46
2 6.47
6 6.48
2 6.49
6 6.50
3 6.52
1 6.53
3 6.55
6 6.56
2 6.57
1 6.58
3 6.59
3 6.61
3 6.67
2 6.68
6 6.71
2 6.73
2 6.75
6 6.78
2 6.79
6 6.80
2 6.82
6 6.83
3 6.84
7 6.85
4 6.89
2 6.91
4 6.93
1 6.98
4 6.99
1 7.01
2 7.02
10 7.04
1 7.05
4 7.09
10 7.10
4 7.11
2 7.12
4 7.14
2 7.15
4 7.17
2 7.19
4 7.21
2 7.22
4 7.23
10 7.23
4 7.24
5 7.27
4 7.28
2 7.29
5 7.30
1 7.31
4 7.33
2 7.35
4 7.36
1 7.37
4 7.38
2 7.39
4 7.40
2 7.41
4 7.41
2 7.42
1 7.43
4 7.46
1 7.48
4 7.52
2 7.53
4 7.57
2 7.59
4 7.60
2 7.62
1 7.63
4 7.64
2 7.66
4 7.69
4 7.70
1 7.71
2 7.72
5 7.77
4 7.78
4 7.81
6 7.84
2 7.87
6 7.90
6 7.92
2 7.93
5 7.94
6 7.95
4 7.96
4 7.97
2 7.99
4 8.00
2 8.04
3 8.05
4 8.07
3 8.09
2 8.12
3 8.14
2 8.14
3 8.16
2 8.17
4 8.20
2 8.21
2 8.24
2 8.26
4 8.34
4 8.39
2 8.40
2 8.42
2 8.47
4 8.48
2 8.50
4 8.51
3 8.54
4 8.56
3 8.57
2 8.58
3 8.59
3 8.63
2 8.64
11 8.68
2 8.68
7 8.72
3 8.74
5 8.76
4 8.77
2 8.80
4 8.81
2 8.84
3 8.85
5 8.87
3 8.88
4 8.89
4 8.93
3 8.95
3 8.96
4 8.97
3 8.98
4 8.99
3 9.00
4 9.02
8 9.04
5 9.05
1 9.07
5 9.10
3 9.11
8 9.12
3 9.13
8 9.13
3 9.15
8 9.16
5 9.17
7 9.19
5 9.21
7 9.22
8 9.24
5 9.25
3 9.26
1 9.28
5 9.31
6 9.34
1 9.35
4 9.40
1 9.40
1 9.42
4 9.43
1 9.44
4 9.47
1 9.48
4 9.50
1 9.51
4 9.53
1 9.54
1 9.64
4 9.66
3 9.67
1 9.67
1 9.69
3 9.71
1 9.74
4 9.77
3 9.80
4 9.81
3 9.83
4 9.85
1 9.86
4 9.88
3 9.89
4 9.90
1 9.91
4 9.95
5 9.95
1 9.97
3 9.98
8 9.99
8 10.03
6 10.04
3 10.04
1 10.06
4 10.10
1 10.13
4 10.13
1 10.14
4 10.18
1 10.19
4 10.24
3 10.25
4 10.26
3 10.27
4 10.28
3 10.30
4 10.31
3 10.32
4 10.33
1 10.35
2 10.36
1 10.37
4 10.42
1 10.43
4 10.46
1 10.48
2 10.54
1 10.56
8 10.57
1 10.58
2 10.60
1 10.61
5 10.63
10 10.67
4 10.67
5 10.69
5 10.75
8 10.76
5 10.77
5 10.82
5 10.85
3 10.87
1 10.88
1 10.90
3 10.92
1 10.93
8 10.94
4 10.94
3 10.97
8 11.00
3 11.03
1 11.07
7 11.08
1 11.10
3 11.11
3 11.13
3 11.16
1 11.17
6 11.21
3 11.21
1 11.22
6 11.23
3 11.24
1 11.28
6 11.30
3 11.32
6 11.33
1 11.35
3 11.36
6 11.37
1 11.38
5 11.39
1 11.40
3 11.41
6 11.42
3 11.43
1 11.44
3 11.45
6 11.47
3 11.48
6 11.49
3 11.54
3 11.56
6 11.57
2 11.57
3 11.62
2 11.65
2 11.68
7 11.72
2 11.73
4 11.74
3 11.75
2 11.76
7 11.77
3 11.78
1 11.79
7 11.81
2 11.82
1 11.84
3 11.84
2 11.85
1 11.87
3 11.88
7 11.89
2 11.90
7 11.93
2 11.94
7 11.98
5 11.99
3 12.00
2 12.01
3 12.02
2 12.03
7 12.04
2 12.07
5 12.08
7 12.09
1 12.12
1 12.14
3 12.15
4 12.17
5 12.21
3 12.21
5 12.22
2 12.24
4 12.26
4 12.29
3 12.30
4 12.30
4 12.32
3 12.33
4 12.34
3 12.35
4 12.39
1 12.44
10 12.46
4 12.47
1 12.48
10 12.49
1 12.50
4 12.51
1 12.52
2 12.53
3 12.54
1 12.56
2 12.57
3 12.59
2 12.60
3 12.61
2 12.63
3 12.65
4 12.66
2 12.72
4 12.75
2 12.76
4 12.78
3 12.79
4 12.80
3 12.81
1 12.85
4 12.88
1 12.89
4 12.92
1 12.93
3 12.93
1 12.95
3 12.96
1 12.99
3 13.00
1 13.02
3 13.02
1 13.03
3 13.06
1 13.08
4 13.10
3 13.11
1 13.11
3 13.12
1 13.13
3 13.14
1 13.16
3 13.21
1 13.22
5 13.27
3 13.29
5 13.30
1 13.31
5 13.34
1 13.35
3 13.37
1 13.39
3 13.43
1 13.44
1 13.46
5 13.47
1 13.47
4 13.48
2 13.49
5 13.50
1 13.51
5 13.52
10 13.53
3 13.54
2 13.55
2 13.57
3 13.59
10 13.61
4 13.62
1 13.65
3 13.65
5 13.69
1 13.70
1 13.78
3 13.81
4 13.82
3 13.83
4 13.84
3 13.85
2 13.86
1 13.87
3 13.89
2 13.90
3 13.92
2 13.92
4 13.93
3 13.94
4 13.99
3 14.01
4 14.05
3 14.08
4 14.10
3 14.10
2 14.11
4 14.12
2 14.14
2 14.17
4 14.18
2 14.20
3 14.22
2 14.23
2 14.26
3 14.29
2 14.30
3 14.31
10 14.32
2 14.33
3 14.35
2 14.37
3 14.39
4 14.42
3 14.43
3 14.45
4 14.46
3 14.47
4 14.48
3 14.50
7 14.52
4 14.54
3 14.56
7 14.57
3 14.58
4 14.60
4 14.64
7 14.65
3 14.66
4 14.67
3 14.68
4 14.69
7 14.70
3 14.71
3 14.74
4 14.74
3 14.75
4 14.76
3 14.77
4 14.78
7 14.79
4 14.80
3 14.81
4 14.82
4 14.83
7 14.86
3 14.87
3 14.90
2 14.92
4 14.94
3 14.95
4 14.97
3 14.99
2 15.01
3 15.01
4 15.07
12 15.09
2 15.14
4 15.15
1 15.16
2 15.17
3 15.18
4 15.19
3 15.19
4 15.21
2 15.22
3 15.23
4 15.24
3 15.27
2 15.29
7 15.31
12 15.32
7 15.33
3 15.35
7 15.36
3 15.37
4 15.37
3 15.39
2 15.41
4 15.42
2 15.43
12 15.45
10 15.46
4 15.49
3 15.50
1 15.51
4 15.55
11 15.56
4 15.57
3 15.58
4 15.59
1 15.61
4 15.63
4 15.66
11 15.69
2 15.73
12 15.73
1 15.74
5 15.76
2 15.79
4 15.81
2 15.82
4 15.84
2 15.86
2 15.91
11 15.92
4 15.93
11 15.94
4 15.95
11 15.96
4 15.97
4 16.00
2 16.01
4 16.02
10 16.03
2 16.04
10 16.05
4 16.06
2 16.07
4 16.08
2 16.09
4 16.09
2 16.10
3 16.11
2 16.12
5 16.14
3 16.15
5 16.17
5 16.18
3 16.19
2 16.21
12 16.23
2 16.25
6 16.26
2 16.27
12 16.27
2 16.29
6 16.30
13 16.31
2 16.32
3 16.36
13 16.38
2 16.40
2 16.42
4 16.43
5 16.44
3 16.45
4 16.46
3 16.47
2 16.49
4 16.52
2 16.53
3 16.56
12 16.61
2 16.62
3 16.63
2 16.64
3 16.64
3 16.66
9 16.71
2 16.73
2 16.74
13 16.77
3 16.79
3 16.82
13 16.82
3 16.83
13 16.86
2 16.89
3 16.92
2 16.93
9 16.95
3 16.97
9 16.99
2 17.00
9 17.00
2 17.01
9 17.04
4 17.06
9 17.08
5 17.09
3 17.10
5 17.11
3 17.12
5 17.14
2 17.20
3 17.21
4 17.24
3 17.25
3 17.28
4 17.29
13 17.31
2 17.34
3 17.35
2 17.36
3 17.36
5 17.38
2 17.39
3 17.40
12 17.41
2 17.43
2 17.46
3 17.50
2 17.51
12 17.53
3 17.54
12 17.54
3 17.55
2 17.56
3 17.57
3 17.61
2 17.62
4 17.63
9 17.64
9 17.66
5 17.67
2 17.68
4 17.69
2 17.70
12 17.71
5 17.72
2 17.72
12 17.73
2 17.75
9 17.76
2 17.77
1 17.78
2 17.79
1 17.81
2 17.84
1 17.85
2 17.86
1 17.88
9 17.90
9 17.92
1 17.94
1 17.97
9 17.99
3 18.01
1 18.02
3 18.03
1 18.04
9 18.05
9 18.08
1 18.09
2 18.11
1 18.12
9 18.17
1 18.19
2 18.21
9 18.24
1 18.25
2 18.26
9 18.28
2 18.31
9 18.33
2 18.35
2 18.38
9 18.39
2 18.40
1 18.44
3 18.45
4 18.47
3 18.49
4 18.52
2 18.55
3 18.60
4 18.61
3 18.62
4 18.63
1 18.63
4 18.64
1 18.65
4 18.68
1 18.69
4 18.72
1 18.76
4 18.78
1 18.79
4 18.80
1 18.81
4 18.87
3 18.88
1 18.89
2 18.90
1 18.92
4 18.93
3 18.94
2 18.95
3 18.96
2 18.98
3 18.99
3 19.01
4 19.02
1 19.04
2 19.05
1 19.07
3 19.08
1 19.08
2 19.10
1 19.14
3 19.17
2 19.17
3 19.18
1 19.19
2 19.21
1 19.22
3 19.24
1 19.25
3 19.34
4 19.35
1 19.35
1 19.38
4 19.39
2 19.40
1 19.42
4 19.44
3 19.45
4 19.48
1 19.50
1 19.52
4 19.53
1 19.55
2 19.57
1 19.58
2 19.61
4 19.62
1 19.62
4 19.63
3 19.65
2 19.68
1 19.70
3 19.71
4 19.71
1 19.72
4 19.73
1 19.74
3 19.75
1 19.76
4 19.80
1 19.82
3 19.86
1 19.87
3 19.88
2 19.90
1 19.91
1 19.96
3 19.99
3 20.01
2 20.04
1 20.05
2 20.10
1 20.12
2 20.19
3 20.20
1 20.23
3 20.25
1 20.27
3 20.28
2 20.31
3 20.32
1 20.34
3 20.37
1 20.38
3 20.40
1 20.41
3 20.42
1 20.44
3 20.45
1 20.46
1 20.48
3 20.49
8 20.50
2 20.52
8 20.53
2 20.55
8 20.58
1 20.59
7 20.61
3 20.64
7 20.66
7 20.70
3 20.71
7 20.72
3 20.73
9 20.75
7 20.76
9 20.77
3 20.80
1 20.80
6 20.82
13 20.84
2 20.87
3 20.89
5 20.90
4 20.94
7 20.97
13 20.98
8 21.00
2 21.02
8 21.03
3 21.04
2 21.06
7 21.07
2 21.09
2 21.12
5 21.14
5 21.17
4 21.18
5 21.19
2 21.23
5 21.24
4 21.26
5 21.27
6 21.32
1 21.33
2 21.35
5 21.37
4 21.38
5 21.39
7 21.40
1 21.41
7 21.42
1 21.43
7 21.43
2 21.46
7 21.47
2 21.48
7 21.49
2 21.50
7 21.51
4 21.52
1 21.53
4 21.56
2 21.58
1 21.59
11 21.62
1 21.63
4 21.65
1 21.67
5 21.69
4 21.70
1 21.70
5 21.71
4 21.72
1 21.73
2 21.78
1 21.79
2 21.80
5 21.83
1 21.84
3 21.85
2 21.86
5 21.87
2 21.89
4 21.90
2 21.93
4 21.94
5 21.95
4 21.96
5 21.97
4 21.98
5 22.00
2 22.06
1 22.06
2 22.09
1 22.10
10 22.12
8 22.16
4 22.17
1 22.18
4 22.19
3 22.20
5 22.24
3 22.24
2 22.25
5 22.26
3 22.29
5 22.30
9 22.31
2 22.33
1 22.33
2 22.34
1 22.35
2 22.37
1 22.39
4 22.40
1 22.41
2 22.44
1 22.46
2 22.49
1 22.50
2 22.52
10 22.54
4 22.55
1 22.56
10 22.57
4 22.58
4 22.60
4 22.61
1 22.62
2 22.63
5 22.64
2 22.65
1 22.66
4 22.68
1 22.69
4 22.70
1 22.71
2 22.72
2 22.75
1 22.76
2 22.78
4 22.80
2 22.84
4 22.85
2 22.87
10 22.89
1 22.90
2 22.93
4 23.00
4 23.03
11 23.04
2 23.06
4 23.10
4 23.12
2 23.16
4 23.17
2 23.19
3 23.22
2 23.23
5 23.25
4 23.29
5 23.30
2 23.32
2 23.33
4 23.35
11 23.36
5 23.37
4 23.39
5 23.42
2 23.42
4 23.47
2 23.48
2 23.58
4 23.60
11 23.64
4 23.67
11 23.69
4 23.69
8 23.70
2 23.73
1 23.75
2 23.78
1 23.78
4 23.79
1 23.81
4 23.82
1 23.83
5 23.84
1 23.86
2 23.89
1 23.90
2 23.91
1 23.92
4 23.94
1 23.95
2 23.96
1 23.97
4 24.01
2 24.03
4 24.04
1 24.05
4 24.07
1 24.08
4 24.10
2 24.11
4 24.14
2 24.14
7 24.18
1 24.19
4 24.20
1 24.22
4 24.23
1 24.24
7 24.27
1 24.28
7 24.30
4 24.31
2 24.33
4 24.36
7 24.37
1 24.38
4 24.40
2 24.41
1 24.42
7 24.43
2 24.45
1 24.46
4 24.47
7 24.48
4 24.49
2 24.51
4 24.52
1 24.53
4 24.54
7 24.55
1 24.56
2 24.57
4 24.59
2 24.60
7 24.62
1 24.63
4 24.64
1 24.66
4 24.68
7 24.68
2 24.69
1 24.70
7 24.73
1 24.75
7 24.77
1 24.79
7 24.81
1 24.82
7 24.83
1 24.87
7 24.88
1 24.89
4 24.90
2 24.91
7 24.93
2 24.95
1 24.96
1 25.00
7 25.01
2 25.02
4 25.05
2 25.05
1 25.07
7 25.09
10 25.11
11 25.14
7 25.14
4 25.15
7 25.16
2 25.17
7 25.20
1 25.23
2 25.24
4 25.26
2 25.28
2 25.30
7 25.32
6 25.38
2 25.39
4 25.41
7 25.44
10 25.45
4 25.46
7 25.48
4 25.50
1 25.52
4 25.53
11 25.54
1 25.55
4 25.56
1 25.57
7 25.58
1 25.62
7 25.63
1 25.66
18 25.69
7 25.70
4 25.71
2 25.72
18 25.73
7 25.74
4 25.75
3 25.76
18 25.78
3 25.80
4 25.82
18 25.83
4 25.84
1 25.88
2 25.89
18 25.90
3 25.91
1 25.93
2 25.94
3 25.95
2 25.96
18 25.97
1 26.00
6 26.01
1 26.02
3 26.03
1 26.08
2 26.09
4 26.12
6 26.13
4 26.14
6 26.15
2 26.19
7 26.21
7 26.23
2 26.24
1 26.26
2 26.28
1 26.29
2 26.30
1 26.31
6 26.35
2 26.39
1 26.43
2 26.46
1 26.47
2 26.48
1 26.49
2 26.53
1 26.54
7 26.57
2 26.58
1 26.59
2 26.61
1 26.62
1 26.65
2 26.66
1 26.67
10 26.71
2 26.72
1 26.74
2 26.75
1 26.76
1 26.78
2 26.82
1 26.83
4 26.85
6 26.89
7 26.90
2 26.92
7 26.93
2 26.94
7 27.01
2 27.02
1 27.04
7 27.07
1 27.08
2 27.09
7 27.10
4 27.12
7 27.12
2 27.14
4 27.26
1 27.27
2 27.28
1 27.29
2 27.30
4 27.31
2 27.31
2 27.33
4 27.36
2 27.37
4 27.39
2 27.40
4 27.41
2 27.43
4 27.44
2 27.45
4 27.46
3 27.47
10 27.49
3 27.50
7 27.52
4 27.53
3 27.54
4 27.55
3 27.56
4 27.57
7 27.58
3 27.61
5 27.64
11 27.67
1 27.67
7 27.69
2 27.70
3 27.73
2 27.74
1 27.75
4 27.76
1 27.76
7 27.83
2 27.84
4 27.85
5 27.89
2 27.91
5 27.92
2 27.94
5 27.97
4 27.98
8 28.00
3 28.02
5 28.03
3 28.05
8 28.06
5 28.07
3 28.08
8 28.09
5 28.10
8 28.12
5 28.12
3 28.13
5 28.15
3 28.17
10 28.21
5 28.24
12 28.26
3 28.27
1 28.30
6 28.37
2 28.38
1 28.39
1 28.40
2 28.41
8 28.43
8 28.45
2 28.46
1 28.47
2 28.48
1 28.51
3 28.53
1 28.57
4 28.58
1 28.59
4 28.60
1 28.61
3 28.64
9 28.68
7 28.69
2 28.71
5 28.75
2 28.76
5 28.77
2 28.83
4 28.85
2 28.86
3 28.89
2 28.91
4 28.92
3 28.95
5 28.96
3 28.99
5 29.00
2 29.01
5 29.02
4 29.05
3 29.06
2 29.10
5 29.11
2 29.15
3 29.16
5 29.17
3 29.20
5 29.20
2 29.22
5 29.23
5 29.26
3 29.27
2 29.29
3 29.29
2 29.30
5 29.32
3 29.33
5 29.36
3 29.42
2 29.43
3 29.46
2 29.47
3 29.49
5 29.51
3 29.52
5 29.55
1 29.59
4 29.61
1 29.63
4 29.66
2 29.66
5 29.75
13 29.75
5 29.76
2 29.77
1 29.79
13 29.81
4 29.82
2 29.83
1 29.84
2 29.85
5 29.87
2 29.88
5 29.89
2 29.92
1 29.93
2 29.96
5 29.98
2 30.02
5 30.04
11 30.06
5 30.07
4 30.09
5 30.14
4 30.16
2 30.18
2 30.21
9 30.22
2 30.23
1 30.24
2 30.26
4 30.27
4 30.29
1 30.29
2 30.34
1 30.37
5 30.44
1 30.46
6 30.48
1 30.49
2 30.52
6 30.54
11 30.55
6 30.56
1 30.56
1 30.58
4 30.59
6 30.60
4 30.61
2 30.63
6 30.64
2 30.65
6 30.65
5 30.66
2 30.67
11 30.69
6 30.71
5 30.73
11 30.74
6 30.74
1 30.76
4 30.78
6 30.79
4 30.80
5 30.81
1 30.83
2 30.84
4 30.85
6 30.86
11 30.87
1 30.88
6 30.89
2 30.92
1 30.94
2 30.98
6 31.01
2 31.02
6 31.06
2 31.10
11 31.15
11 31.20
9 31.22
2 31.24
3 31.25
2 31.27
3 31.28
2 31.28
3 31.31
2 31.35
9 31.41
2 31.42
3 31.45
4 31.47
3 31.49
4 31.51
6 31.53
5 31.54
9 31.55
5 31.56
9 31.56
5 31.60
2 31.62
9 31.63
8 31.64
2 31.66
8 31.69
5 31.72
2 31.74
5 31.74
2 31.76
5 31.77
5 31.79
2 31.81
3 31.82
2 31.83
5 31.83
10 31.85
5 31.86
2 31.87
5 31.90
2 31.92
5 31.92
2 31.95
5 31.96
2 31.98
7 31.99
2 32.00
7 32.01
2 32.01
5 32.02
2 32.03
5 32.04
2 32.05
10 32.08
7 32.09
4 32.10
2 32.10
4 32.14
5 32.15
2 32.21
5 32.25
2 32.26
5 32.28
2 32.28
4 32.35
2 32.37
4 32.38
2 32.42
4 32.44
2 32.45
1 32.46
4 32.50
2 32.51
5 32.54
10 32.55
10 32.56
2 32.57
4 32.58
4 32.66
10 32.71
6 32.72
1 32.73
6 32.73
1 32.77
1 32.79
5 32.82
2 32.83
10 32.84
3 32.85
1 32.86
3 32.87
6 32.89
3 32.90
5 32.92
3 32.94
2 32.97
1 32.99
17 33.00
6 33.00
5 33.02
5 33.07
6 33.08
2 33.10
5 33.12
5 33.14
17 33.15
2 33.17
5 33.18
2 33.33
5 33.35
10 33.42
17 33.45
3 33.48
1 33.49
1 33.51
17 33.52
3 33.54
17 33.57
3 33.58
1 33.60
1 33.63
6 33.66
1 33.67
4 33.68
1 33.69
4 33.72
4 33.74
4 33.82
6 33.83
4 33.84
6 33.86
4 33.87
6 33.88
4 33.89
4 33.92
2 33.93
4 33.94
6 33.98
4 34.00
2 34.02
6 34.04
4 34.06
1 34.08
2 34.12
10 34.14
2 34.16
10 34.17
8 34.20
10 34.22
8 34.24
11 34.25
4 34.26
11 34.27
2 34.30
4 34.34
1 34.38
3 34.41
1 34.42
1 34.48
5 34.50
1 34.51
5 34.52
7 34.53
6 34.54
5 34.55
11 34.56
10 34.58
6 34.59
2 34.61
3 34.62
2 34.63
10 34.63
4 34.66
4 34.68
8 34.69
4 34.72
8 34.72
2 34.74
8 34.75
2 34.79
8 34.81
2 34.82
8 34.83
3 34.84
2 34.86
3 34.87
1 34.92
3 34.94
2 34.97
1 34.98
3 35.01
8 35.02
1 35.05
1 35.09
2 35.14
1 35.15
2 35.17
1 35.20
6 35.21
8 35.22
6 35.23
1 35.26
6 35.28
2 35.30
6 35.31
3 35.32
1 35.33
4 35.34
2 35.35
5 35.35
6 35.40
5 35.41
6 35.44
5 35.44
6 35.45
2 35.46
6 35.47
2 35.48
2 35.56
1 35.57
6 35.62
6 35.70
6 35.73
2 35.74
1 35.77
1 35.82
6 35.84
1 35.85
1 35.93
5 35.95
6 35.97
5 35.98
1 35.99
5 36.00
5 36.02
6 36.04
5 36.05
6 36.07
5 36.08
6 36.10
3 36.11
2 36.12
2 36.17
1 36.18
3 36.19
2 36.20
1 36.21
6 36.22
1 36.24
2 36.25
2 36.28
1 36.34
4 36.35
2 36.35
2 36.41
1 36.42
4 36.43
6 36.44
1 36.46
1 36.53
4 36.54
6 36.58
1 36.60
4 36.62
1 36.63
2 36.67
4 36.69
1 36.70
4 36.71
4 36.74
4 36.79
4 36.83
5 36.85
2 36.98
5 36.99
2 37.01
5 37.02
4 37.03
3 37.06
2 37.08
4 37.09
2 37.11
4 37.12
10 37.15
2 37.16
3 37.18
2 37.21
4 37.23
2 37.24
2 37.25
2 37.27
2 37.31
2 37.35
2 37.37
3 37.39
2 37.41
3 37.44
2 37.45
3 37.46
2 37.47
1 37.48
4 37.49
1 37.50
2 37.52
9 37.52
4 37.54
1 37.59
3 37.61
4 37.62
4 37.64
3 37.65
2 37.67
4 37.68
4 37.70
3 37.76
1 37.79
1 37.81
4 37.82
10 37.84
4 37.88
5 37.88
3 37.89
4 37.90
3 37.91
1 37.92
4 37.95
1 37.96
10 37.97
1 37.97
3 38.03
4 38.05
3 38.07
4 38.08
1 38.09
4 38.10
4 38.13
3 38.16
4 38.16
2 38.17
4 38.18
5 38.19
4 38.20
4 38.23
1 38.24
4 38.26
2 38.27
4 38.31
2 38.34
4 38.34
12 38.35
4 38.37
12 38.38
3 38.39
4 38.40
5 38.42
3 38.45
3 38.49
4 38.50
10 38.51
3 38.52
1 38.55
3 38.60
5 38.61
2 38.63
4 38.65
4 38.67
5 38.69
8 38.72
4 38.73
8 38.74
10 38.75
4 38.78
8 38.79
3 38.79
8 38.80
3 38.81
3 38.83
10 38.85
2 38.86
3 38.88
2 38.89
3 38.92
4 38.95
3 38.96
2 38.97
3 38.97
2 38.98
3 39.02
2 39.03
4 39.06
2 39.10
3 39.11
1 39.15
1 39.19
8 39.20
3 39.21
1 39.22
8 39.24
4 39.28
5 39.30
8 39.31
5 39.33
2 39.35
5 39.36
3 39.39
1 39.44
2 39.50
9 39.52
3 39.53
1 39.54
9 39.59
3 39.60
10 39.60
1 39.61
4 39.63
1 39.64
1 39.67
14 39.68
4 39.70
4 39.72
2 39.75
3 39.79
2 39.81
3 39.83
10 39.84
3 39.85
10 39.86
5 39.90
13 39.91
1 39.96
4 39.97
1 40.00
1 40.04
4 40.05
1 40.06
4 40.07
1 40.08
2 40.10
5 40.11
1 40.13
5 40.17
4 40.18
1 40.19
4 40.24
3 40.25
4 40.26
3 40.27
1 40.28
3 40.31
1 40.32
2 40.38
4 40.39
2 40.42
1 40.42
4 40.43
2 40.44
1 40.45
5 40.47
1 40.50
3 40.56
1 40.58
1 40.60
4 40.61
5 40.62
4 40.63
5 40.64
4 40.65
5 40.66
2 40.68
5 40.69
2 40.73
5 40.74
2 40.78
4 40.78
1 40.80
4 40.83
1 40.86
1 40.89
1 40.96
4 40.96
1 40.97
1 41.06
6 41.08
2 41.11
1 41.14
8 41.21
5 41.24
1 41.25
6 41.29
1 41.32
6 41.35
1 41.36
6 41.41
1 41.42
1 41.47
6 41.50
1 41.50
6 41.58
1 41.59
6 41.61
2 41.63
1 41.64
2 41.65
1 41.66
2 41.70
1 41.72
1 41.77
2 41.84
1 41.85
3 41.93
2 41.94
1 42.00
3 42.02
1 42.04
5 42.08
1 42.09
2 42.14
1 42.15
5 42.17
2 42.21
6 42.22
5 42.24
8 42.30
5 42.31
3 42.34
2 42.41
5 42.42
4 42.46
2 42.47
5 42.49
4 42.50
3 42.53
4 42.54
8 42.55
8 42.59
3 42.60
8 42.61
3 42.62
5 42.63
2 42.65
1 42.68
3 42.68
1 42.69
3 42.70
2 42.72
4 42.74
3 42.77
4 42.79
1 42.80
4 42.87
3 42.88
2 42.92
4 42.93
1 42.94
4 42.95
4 42.97
2 42.99
3 43.00
1 43.02
9 43.03
4 43.04
4 43.07
2 43.08
4 43.12
2 43.14
3 43.18
10 43.19
2 43.20
5 43.22
4 43.24
3 43.25
5 43.26
2 43.27
5 43.28
4 43.29
3 43.31
5 43.34
3 43.35
4 43.39
3 43.41
4 43.42
3 43.48
4 43.50
3 43.53
2 43.56
4 43.57
2 43.58
2 43.66
2 43.72
1 43.74
3 43.75
1 43.76
3 43.77
1 43.78
3 43.79
1 43.80
5 43.82
1 43.84
5 43.85
4 43.85
5 43.91
5 43.93
4 43.94
5 43.94
3 43.95
5 44.02
3 44.05
10 44.06
1 44.10
4 44.14
1 44.15
4 44.17
1 44.20
4 44.21
1 44.23
2 44.24
1 44.25
5 44.27
1 44.28
4 44.29
1 44.31
4 44.35
1 44.36
4 44.38
12 44.39
1 44.41
12 44.44
2 44.48
12 44.48
2 44.49
10 44.50
2 44.54
4 44.55
2 44.58
4 44.60
10 44.62
2 44.64
2 44.67
4 44.68
2 44.72
4 44.77
2 44.79
1 44.86
12 44.90
1 44.91
1 44.94
9 44.96
1 44.98
3 44.99
2 45.00
3 45.01
9 45.03
3 45.04
9 45.07
3 45.08
2 45.09
9 45.11
2 45.13
6 45.15
3 45.16
6 45.17
8 45.21
6 45.23
1 45.27
2 45.29
5 45.30
3 45.31
5 45.32
12 45.35
5 45.37
2 45.38
2 45.40
3 45.41
5 45.42
12 45.44
12 45.48
2 45.50
5 45.53
5 45.56
2 45.57
2 45.63
3 45.66
12 45.66
2 45.67
3 45.69
2 45.72
3 45.73
12 45.74
3 45.76
5 45.79
3 45.80
2 45.81
5 45.82
2 45.84
5 45.86
12 45.87
5 45.88
2 45.90
3 45.91
2 45.93
12 45.96
2 45.99
3 46.01
2 46.02
3 46.09
2 46.10
5 46.11
12 46.12
3 46.14
5 46.16
3 46.17
2 46.18
12 46.21
3 46.22
2 46.23
10 46.25
2 46.26
12 46.31
2 46.34
5 46.38
2 46.40
10 46.41
5 46.42
12 46.47
2 46.48
3 46.50
2 46.52
12 46.55
5 46.56
3 46.57
2 46.58
3 46.59
6 46.60
6 46.63
3 46.65
9 46.65
3 46.69
2 46.71
9 46.73
3 46.74
2 46.75
3 46.75
2 46.76
6 46.80
6 46.82
9 46.83
3 46.87
4 46.88
6 46.89
3 46.90
4 46.92
2 46.93
1 46.94
3 46.96
2 46.98
5 46.99
10 47.01
4 47.02
1 47.02
3 47.04
6 47.06
2 47.07
1 47.08
6 47.09
5 47.10
1 47.11
6 47.11
5 47.12
6 47.13
1 47.16
5 47.17
1 47.18
1 47.20
4 47.25
1 47.26
3 47.29
1 47.29
6 47.30
5 47.32
6 47.33
2 47.34
1 47.36
5 47.38
6 47.38
3 47.39
2 47.41
1 47.43
1 47.46
3 47.49
6 47.50
2 47.53
3 47.54
1 47.55
2 47.56
1 47.57
1 47.61
2 47.62
1 47.63
2 47.64
5 47.65
1 47.65
3 47.69
6 47.71
4 47.73
3 47.75
4 47.76
6 47.77
1 47.79
2 47.80
5 47.81
1 47.82
9 47.85
3 47.86
9 47.88
6 47.91
2 47.93
6 47.94
1 47.95
3 47.96
6 47.98
1 47.99
2 48.00
6 48.01
1 48.01
9 48.04
3 48.05
6 48.06
3 48.07
6 48.08
9 48.09
6 48.10
3 48.12
6 48.14
3 48.15
1 48.16
6 48.19
1 48.21
9 48.23
1 48.25
6 48.29
6 48.31
1 48.35
3 48.37
1 48.37
2 48.42
4 48.46
2 48.46
9 48.47
1 48.51
5 48.52
3 48.54
9 48.55
9 48.57
6 48.58
4 48.60
6 48.61
2 48.64
3 48.64
6 48.65
2 48.68
1 48.76
9 48.77
6 48.79
2 48.80
6 48.81
4 48.82
6 48.83
9 48.84
9 48.90
4 48.92
4 48.98
2 48.99
1 49.00
4 49.01
6 49.02
6 49.04
4 49.06
4 49.08
1 49.10
5 49.10
4 49.14
1 49.17
2 49.20
4 49.21
2 49.23
4 49.24
1 49.25
2 49.27
1 49.28
4 49.28
2 49.29
2 49.32
1 49.33
4 49.34
4 49.37
1 49.38
4 49.40
5 49.41
1 49.43
4 49.45
2 49.46
1 49.48
4 49.50
1 49.52
4 49.57
1 49.58
4 49.60
1 49.61
4 49.62
1 49.63
5 49.67
2 49.71
3 49.73
2 49.75
3 49.78
1 49.80
1 49.82
4 49.83
11 49.84
4 49.85
2 49.89
4 49.92
2 49.93
4 49.94
2 49.95
4 49.96
2 50.00
1 50.02
11 50.06
11 50.08
2 50.09
4 50.09
2 50.11
4 50.15
11 50.16
4 50.21
5 50.23
4 50.24
2 50.27
5 50.28
2 50.29
1 50.32
1 50.34
4 50.35
5 50.36
1 50.39
5 50.40
1 50.41
2 50.44
4 50.45
5 50.46
4 50.47
2 50.48
5 50.52
4 50.53
11 50.54
2 50.54
2 50.57
1 50.59
5 50.61
1 50.62
2 50.63
5 50.65
2 50.66
5 50.67
2 50.68
2 50.70
2 50.72
4 50.72
1 50.73
1 50.75
2 50.76
5 50.79
8 50.80
11 50.81
5 50.81
4 50.83
2 50.85
4 50.86
2 50.89
5 50.91
2 50.96
4 50.97
5 50.98
5 50.99
4 51.00
6 51.01
2 51.04
11 51.07
4 51.08
6 51.10
5 51.12
6 51.14
2 51.15
11 51.17
1 51.18
11 51.20
4 51.22
2 51.25
4 51.27
2 51.27
4 51.28
5 51.29
2 51.32
5 51.35
11 51.38
2 51.39
5 51.40
4 51.41
1 51.42
5 51.44
2 51.45
5 51.46
4 51.47
1 51.52
4 51.56
1 51.59
2 51.62
1 51.64
4 51.66
2 51.67
1 51.68
2 51.69
5 51.70
2 51.72
2 51.75
6 51.76
2 51.78
1 51.79
5 51.80
2 51.81
4 51.82
2 51.83
6 51.85
5 51.89
3 51.90
2 51.92
1 51.93
1 51.95
2 51.97
1 51.99
5 52.00
3 52.01
5 52.03
4 52.05
1 52.08
4 52.09
2 52.11
11 52.14
5 52.15
3 52.16
2 52.17
5 52.19
4 52.23
5 52.25
2 52.26
5 52.27
2 52.28
1 52.29
2 52.31
1 52.32
4 52.35
2 52.36
5 52.37
4 52.40
5 52.41
2 52.42
1 52.44
2 52.47
1 52.48
2 52.53
1 52.55
4 52.59
1 52.60
3 52.74
3 52.76
6 52.80
1 52.80
6 52.81
1 52.82
9 52.84
5 52.86
9 52.89
8 52.90
5 52.92
8 52.94
8 52.97
5 52.98
5 53.03
3 53.05
5 53.06
5 53.07
3 53.08
5 53.09
2 53.14
6 53.15
3 53.16
5 53.16
6 53.18
1 53.19
5 53.20
1 53.21
1 53.24
3 53.26
5 53.28
3 53.34
6 53.35
3 53.35
6 53.36
1 53.38
6 53.39
1 53.40
6 53.41
1 53.42
1 53.44
1 53.46
3 53.49
6 53.51
6 53.54
11 53.55
6 53.56
11 53.57
1 53.59
6 53.62
2 53.62
6 53.64
2 53.66
6 53.68
2 53.70
6 53.71
2 53.72
6 53.74
2 53.75
6 53.76
2 53.79
2 53.81
3 53.83
10 53.84
4 53.86
6 53.87
10 53.88
6 53.89
10 53.92
6 53.94
14 53.95
2 53.97
4 54.00
9 54.01
4 54.03
10 54.05
4 54.06
1 54.09
5 54.13
3 54.14
4 54.16
3 54.17
2 54.18
3 54.19
3 54.21
4 54.24
3 54.27
4 54.30
4 54.32
3 54.33
4 54.34
3 54.35
4 54.37
3 54.38
3 54.41
4 54.43
2 54.46
4 54.48
2 54.51
4 54.52
3 54.54
4 54.57
3 54.59
4 54.61
3 54.61
4 54.62
3 54.65
3 54.69
2 54.70
3 54.71
2 54.72
3 54.74
4 54.77
2 54.79
5 54.79
2 54.82
5 54.85
3 54.88
2 54.91
4 54.94
2 54.95
4 54.97
2 55.03
2 55.06
4 55.09
2 55.10
2 55.14
10 55.16
2 55.18
4 55.20
2 55.21
4 55.23
2 55.24
2 55.27
10 55.29
4 55.30
2 55.31
3 55.37
4 55.38
5 55.42
3 55.43
4 55.45
3 55.46
4 55.48
5 55.52
1 55.55
4 55.59
1 55.60
1 55.67
6 55.68
1 55.70
1 55.77
5 55.78
3 55.81
2 55.86
1 55.88
2 55.95
1 55.96
4 56.08
11 56.11
4 56.12
4 56.15
1 56.15
4 56.19
15 56.20
4 56.21
2 56.23
4 56.24
2 56.25
4 56.26
5 56.28
5 56.30
3 56.31
5 56.33
2 56.34
6 56.35
2 56.36
8 56.41
4 56.42
8 56.43
1 56.44
5 56.46
1 56.47
8 56.49
1 56.50
8 56.51
1 56.51
8 56.53
1 56.54
2 56.55
4 56.56
8 56.58
1 56.60
8 56.60
4 56.64
3 56.65
1 56.66
3 56.67
1 56.69
3 56.72
1 56.75
3 56.77
3 56.78
4 56.79
8 56.81
3 56.82
8 56.83
1 56.84
1 56.89
8 56.91
1 56.92
3 56.93
1 56.96
3 56.96
1 56.97
1 57.01
4 57.05
1 57.05
3 57.06
1 57.07
3 57.10
1 57.11
3 57.15
4 57.19
1 57.20
3 57.21
1 57.22
4 57.23
3 57.24
4 57.25
2 57.28
1 57.32
3 57.34
2 57.35
1 57.38
4 57.41
3 57.43
4 57.44
2 57.45
2 57.49
3 57.50
9 57.51
3 57.53
4 57.54
3 57.55
2 57.59
7 57.60
5 57.65
3 57.66
7 57.67
5 57.68
7 57.71
2 57.73
7 57.74
4 57.76
2 57.77
4 57.78
7 57.79
4 57.80
2 57.81
4 57.82
3 57.83
3 57.85
7 57.86
3 57.87
4 57.88
4 57.91
2 57.93
7 57.96
1 57.96
3 57.97
1 57.98
2 57.99
4 58.00
1 58.02
4 58.03
1 58.04
2 58.05
4 58.05
2 58.10
1 58.12
2 58.15
1 58.16
3 58.17
2 58.18
3 58.19
2 58.21
4 58.23
1 58.24
2 58.27
2 58.30
1 58.32
4 58.33
3 58.39
3 58.41
1 58.42
4 58.43
1 58.44
2 58.47
10 58.49
4 58.51
4 58.54
1 58.55
4 58.59
1 58.60
2 58.61
1 58.62
1 58.67
1 58.74
4 58.78
10 58.80
1 58.81
2 58.83
1 58.85
4 58.87
2 58.89
4 58.92
2 58.93
4 58.94
10 58.95
2 58.96
4 58.98
10 59.01
4 59.02
3 59.04
4 59.05
3 59.06
2 59.08
4 59.10
3 59.13
1 59.15
4 59.16
1 59.18
2 59.20
3 59.22
4 59.22
3 59.24
1 59.25
3 59.26
1 59.27
3 59.29
1 59.31
4 59.34
3 59.36
1 59.37
4 59.39
3 59.40
1 59.40
3 59.41
1 59.42
2 59.43
1 59.44
3 59.48
1 59.49
4 59.50
3 59.51
4 59.52
2 59.53
3 59.54
2 59.55
3 59.56
4 59.57
3 59.59
2 59.60
3 59.61
4 59.62
4 59.66
3 59.67
2 59.67
2 59.69
3 59.73
2 59.74
1 59.76
3 59.85
3 59.86
3 59.89
5 59.90
3 59.91
1 59.92
9 59.93
4 59.95
9 59.97
1 59.99
3 60.03
3 60.04
1 60.06
3 60.09
1 60.11
3 60.12
4 60.13
3 60.13
1 60.14
3 60.15
4 60.16
1 60.17
3 60.18
4 60.19
1 60.20
3 60.21
4 60.22
3 60.23
4 60.28
3 60.29
4 60.31
3 60.32
5 60.33
4 60.34
3 60.35
4 60.37
5 60.39
2 60.40
9 60.41
9 60.43
1 60.44
9 60.45
1 60.46
9 60.50
1 60.52
2 60.53
9 60.54
2 60.55
1 60.56
1 60.58
2 60.59
1 60.61
7 60.63
5 60.64
7 60.66
5 60.67
7 60.69
5 60.70
7 60.71
1 60.72
7 60.81
5 60.82
4 60.83
9 60.84
5 60.85
3 60.85
3 60.88
7 60.89
10 60.91
3 60.92
1 60.93
5 60.94
1 60.94
3 60.95
9 60.98
9 61.02
4 61.03
7 61.07
3 61.10
4 61.11
2 61.13
4 61.15
1 61.19
4 61.22
5 61.23
5 61.26
4 61.28
3 61.29
2 61.31
1 61.32
2 61.35
1 61.36
2 61.44
4 61.50
2 61.53
4 61.55
10 61.57
3 61.60
10 61.62
3 61.65
10 61.66
3 61.66
4 61.70
3 61.71
4 61.73
1 61.74
10 61.75
2 61.76
1 61.78
3 61.79
1 61.80
1 61.84
4 61.84
1 61.85
4 61.88
1 61.89
1 61.92
4 61.94
5 61.95
3 61.96
5 61.97
3 61.98
4 62.01
6 62.03
3 62.06
6 62.07
4 62.08
5 62.09
3 62.10
4 62.11
5 62.12
5 62.14
1 62.16
8 62.18
6 62.19
10 62.21
6 62.21
4 62.23
1 62.25
4 62.31
1 62.33
2 62.34
8 62.36
9 62.39
6 62.47
8 62.48
1 62.48
2 62.52
14 62.55
1 62.57
14 62.60
10 62.61
14 62.64
10 62.65
2 62.69
1 62.70
13 62.71
9 62.72
8 62.73
9 62.75
2 62.81
1 62.85
1 62.92
1 62.94
4 62.97
9 63.00
2 63.01
1 63.02
2 63.04
1 63.06
9 63.08
1 63.11
6 63.11
2 63.12
5 63.16
8 63.17
2 63.18
8 63.19
1 63.21
6 63.25
1 63.27
3 63.30
1 63.31
3 63.33
1 63.35
14 63.41
1 63.42
2 63.48
14 63.49
2 63.52
14 63.56
6 63.59
6 63.62
2 63.67
1 63.69
6 63.74
1 63.74
14 63.76
1 63.78
3 63.82
1 63.83
6 63.83
3 63.85
1 63.87
4 63.92
5 63.92
4 63.93
17 63.94
3 63.95
5 63.96
5 63.99
2 64.00
2 64.04
9 64.06
11 64.08
1 64.10
12 64.11
2 64.12
12 64.14
3 64.16
13 64.17
3 64.18
3 64.22
5 64.24
3 64.26
3 64.30
3 64.34
9 64.36
3 64.38
10 64.39
2 64.40
3 64.41
9 64.43
9 64.46
5 64.47
3 64.47
5 64.48
9 64.52
3 64.53
1 64.56
4 64.56
1 64.57
4 64.60
3 64.63
1 64.65
1 64.68
9 64.72
3 64.74
1 64.78
9 64.79
1 64.82
2 64.87
1 64.90
2 64.93
1 64.94
2 64.95
1 64.96
9 64.98
1 64.99
3 65.06
1 65.07
3 65.09
6 65.10
5 65.12
3 65.14
5 65.15
3 65.18
6 65.19
3 65.20
6 65.21
5 65.25
3 65.26
5 65.27
3 65.28
3 65.29
5 65.30
6 65.31
3 65.32
5 65.33
3 65.34
6 65.35
3 65.36
5 65.37
3 65.39
5 65.40
5 65.43
6 65.44
10 65.46
3 65.47
2 65.49
3 65.50
4 65.53
5 65.55
2 65.56
10 65.60
2 65.63
3 65.64
3 65.65
2 65.66
5 65.67
4 65.70
5 65.71
4 65.72
5 65.73
4 65.73
5 65.74
3 65.75
1 65.76
2 65.78
5 65.82
6 65.82
1 65.83
6 65.84
3 65.90
1 65.91
4 65.93
1 65.94
5 66.00
4 66.01
1 66.03
5 66.04
4 66.05
1 66.06
4 66.10
1 66.14
1 66.17
1 66.25
6 66.26
1 66.28
5 66.31
6 66.32
4 66.33
6 66.34
4 66.36
1 66.37
2 66.38
4 66.40
5 66.45
2 66.46
15 66.47
10 66.49
5 66.50
2 66.53
4 66.54
3 66.55
14 66.60
2 66.62
5 66.64
2 66.64
4 66.65
2 66.68
3 66.69
5 66.70
3 66.72
5 66.73
4 66.73
3 66.74
5 66.76
4 66.77
5 66.78
3 66.79
4 66.80
5 66.81
4 66.83
5 66.86
9 66.88
3 66.90
4 66.91
3 66.92
4 66.93
3 66.94
4 66.96
2 66.97
3 67.00
5 67.01
2 67.02
1 67.03
4 67.06
11 67.09
4 67.10
1 67.11
4 67.14
2 67.15
4 67.16
1 67.18
4 67.26
1 67.27
4 67.30
1 67.31
6 67.34
3 67.35
6 67.36
3 67.37
6 67.38
3 67.40
6 67.45
3 67.47
6 67.48
6 67.52
3 67.53
6 67.54
3 67.56
6 67.60
1 67.63
5 67.68
1 67.72
5 67.73
1 67.74
5 67.77
4 67.81
5 67.82
4 67.83
5 67.84
4 67.85
1 67.87
1 67.95
3 67.96
10 67.97
1 67.98
10 67.99
1 67.99
10 68.00
1 68.02
10 68.07
1 68.08
5 68.10
1 68.11
5 68.14
1 68.15
5 68.16
1 68.17
5 68.18
1 68.20
3 68.21
1 68.22
3 68.23
1 68.28
10 68.34
3 68.35
1 68.36
3 68.37
1 68.38
3 68.39
1 68.44
4 68.44
1 68.45
3 68.47
6 68.49
1 68.51
10 68.53
6 68.54
6 68.55
1 68.56
6 68.57
1 68.58
6 68.60
1 68.61
1 68.63
5 68.63
3 68.65
1 68.66
12 68.70
1 68.71
5 68.72
4 68.73
3 68.78
5 68.79
1 68.80
6 68.81
12 68.81
5 68.82
4 68.83
1 68.84
3 68.88
3 68.90
6 68.90
1 68.91
5 68.95
6 68.97
1 68.99
6 69.01
3 69.02
1 69.08
3 69.08
1 69.09
4 69.11
5 69.12
4 69.17
2 69.18
4 69.19
1 69.20
1 69.22
4 69.26
1 69.26
14 69.29
4 69.32
2 69.35
1 69.36
4 69.37
2 69.38
4 69.39
2 69.41
4 69.42
2 69.44
6 69.46
1 69.49
4 69.53
4 69.55
2 69.59
4 69.60
3 69.61
2 69.62
4 69.63
1 69.65
5 69.71
5 69.77
6 69.78
4 69.83
6 69.85
1 69.86
6 69.87
1 69.89
15 69.89
1 69.90
15 69.91
1 69.92
15 69.93
6 69.95
1 69.96
15 69.97
15 69.98
1 69.99
6 70.00
15 70.01
15 70.04
1 70.07
15 70.07
6 70.08
15 70.09
4 70.10
15 70.11
6 70.12
1 70.13
15 70.14
15 70.16
1 70.16
6 70.20
15 70.22
6 70.24
1 70.25
6 70.26
1 70.28
4 70.30
1 70.31
6 70.32
1 70.33
4 70.35
1 70.36
6 70.39
1 70.40
6 70.41
4 70.43
6 70.43
1 70.44
6 70.45
4 70.46
1 70.47
4 70.48
1 70.49
6 70.51
1 70.52
6 70.54
1 70.55
6 70.57
1 70.58
4 70.63
1 70.64
5 70.67
1 70.68
5 70.69
1 70.71
4 70.74
1 70.76
5 70.80
1 70.80
5 70.83
1 70.84
5 70.89
1 70.91
5 70.95
1 70.96
1 70.98
5 71.02
1 71.03
1 71.06
5 71.09
1 71.10
3 71.15
1 71.16
3 71.17
1 71.18
16 71.20
12 71.21
16 71.22
1 71.24
16 71.26
4 71.29
1 71.30
16 71.32
1 71.33
16 71.34
12 71.35
16 71.37
5 71.38
16 71.41
1 71.43
16 71.44
9 71.48
1 71.51
12 71.55
1 71.58
16 71.59
1 71.60
16 71.63
1 71.64
16 71.67
1 71.68
9 71.69
1 71.70
16 71.71
1 71.73
1 71.77
4 71.79
1 71.79
10 71.83
1 71.85
8 71.87
10 71.88
1 71.89
6 71.92
1 71.93
10 71.94
1 71.95
10 71.97
1 71.97
10 71.98
6 71.99
3 72.02
4 72.03
3 72.06
4 72.07
3 72.08
3 72.10
5 72.15
4 72.15
3 72.17
4 72.18
1 72.21
4 72.24
1 72.26
3 72.29
5 72.30
3 72.31
3 72.33
4 72.33
3 72.35
4 72.37
6 72.39
3 72.41
3 72.42
4 72.43
1 72.44
2 72.45
1 72.46
2 72.50
4 72.51
2 72.52
1 72.54
1 72.56
4 72.58
1 72.59
4 72.61
1 72.62
1 72.69
5 72.72
6 72.74
5 72.76
6 72.77
5 72.78
6 72.79
5 72.81
1 72.82
6 72.83
4 72.86
6 72.88
6 72.90
1 72.92
6 72.94
1 72.95
1 73.02
13 73.09
6 73.10
1 73.15
4 73.16
2 73.18
1 73.19
1 73.21
1 73.23
2 73.32
1 73.33
1 73.37
5 73.40
9 73.42
2 73.44
9 73.46
3 73.47
8 73.53
5 73.56
8 73.58
2 73.59
3 73.60
8 73.61
2 73.62
8 73.63
1 73.65
1 73.67
1 73.74
3 73.78
1 73.80
6 73.82
3 73.85
9 73.87
3 73.87
5 73.88
3 73.91
5 73.92
3 73.95
2 73.96
4 73.97
3 73.99
5 74.01
4 74.02
3 74.04
4 74.05
10 74.08
3 74.12
4 74.14
3 74.18
4 74.20
4 74.23
1 74.23
3 74.24
4 74.28
3 74.29
2 74.30
3 74.32
4 74.33
3 74.35
4 74.37
3 74.39
4 74.40
14 74.41
9 74.41
2 74.44
3 74.45
10 74.46
2 74.47
3 74.48
10 74.49
3 74.50
9 74.52
4 74.53
6 74.55
3 74.59
6 74.61
3 74.63
6 74.65
3 74.67
6 74.68
3 74.68
4 74.69
9 74.71
3 74.73
6 74.76
4 74.77
6 74.78
4 74.79
6 74.81
4 74.83
3 74.84
4 74.85
1 74.86
1 74.87
3 74.91
4 74.93
6 74.95
3 74.98
1 74.99
6 75.00
1 75.01
4 75.02
6 75.03
1 75.05
4 75.05
1 75.06
1 75.08
6 75.12
3 75.13
6 75.15
1 75.16
6 75.19
3 75.23
6 75.26
1 75.29
5 75.30
1 75.31
5 75.33
1 75.34
3 75.35
4 75.38
7 75.39
4 75.40
7 75.41
2 75.41
7 75.45
4 75.47
7 75.48
5 75.49
4 75.50
1 75.50
5 75.52
4 75.54
5 75.56
1 75.57
4 75.59
1 75.64
7 75.65
2 75.66
7 75.67
4 75.69
7 75.71
4 75.72
2 75.75
7 75.76
4 75.77
2 75.79
7 75.80
2 75.81
4 75.83
2 75.84
7 75.85
4 75.86
7 75.88
4 75.89
2 75.90
7 75.91
4 75.97
7 75.99
4 76.01
5 76.03
4 76.04
5 76.06
4 76.08
2 76.10
3 76.11
2 76.13
3 76.14
5 76.16
4 76.22
2 76.25
3 76.27
7 76.29
2 76.31
7 76.32
4 76.37
1 76.38
2 76.40
1 76.40
4 76.41
2 76.42
3 76.43
12 76.44
3 76.47
2 76.49
3 76.51
2 76.53
3 76.57
2 76.58
3 76.58
2 76.59
7 76.60
2 76.63
7 76.64
4 76.66
7 76.67
4 76.69
3 76.70
8 76.72
3 76.75
8 76.76
7 76.76
7 76.78
8 76.79
3 76.81
7 76.83
3 76.85
4 76.85
3 76.87
4 76.91
8 76.92
3 76.93
8 76.94
7 76.94
3 76.95
2 76.96
3 76.98
2 76.99
3 77.01
7 77.03
2 77.06
2 77.11
3 77.12
2 77.14
3 77.15
2 77.17
3 77.18
3 77.21
2 77.22
2 77.23
7 77.24
2 77.25
7 77.26
2 77.30
7 77.31
2 77.32
7 77.33
2 77.35
7 77.36
1 77.38
7 77.40
2 77.42
13 77.44
2 77.45
3 77.46
13 77.49
3 77.49
13 77.51
6 77.52
2 77.54
13 77.55
3 77.56
2 77.58
13 77.61
3 77.62
2 77.63
3 77.66
2 77.67
9 77.68
1 77.70
7 77.73
1 77.75
2 77.81
1 77.82
4 77.84
1 77.85
4 77.85
1 77.86
4 77.91
1 77.92
6 77.93
4 77.94
1 77.94
4 77.95
1 77.96
3 77.97
2 78.01
7 78.02
4 78.03
5 78.04
4 78.05
5 78.06
4 78.07
5 78.10
15 78.11
1 78.12
3 78.15
6 78.16
4 78.17
6 78.18
4 78.19
5 78.20
4 78.22
15 78.23
5 78.24
4 78.25
5 78.29
4 78.30
5 78.32
4 78.35
3 78.36
5 78.38
4 78.39
2 78.39
4 78.40
4 78.42
3 78.47
4 78.49
3 78.50
4 78.55
3 78.57
5 78.59
8 78.61
5 78.64
5 78.68
3 78.69
3 78.74
1 78.75
3 78.82
9 78.86
2 78.89
4 78.92
3 78.93
2 78.95
3 78.96
2 78.97
3 78.98
4 79.00
2 79.01
3 79.02
1 79.02
3 79.03
2 79.04
4 79.05
3 79.07
1 79.08
2 79.09
4 79.10
1 79.12
2 79.16
4 79.17
3 79.20
9 79.21
2 79.23
3 79.24
3 79.26
9 79.27
3 79.29
4 79.30
6 79.31
2 79.32
4 79.34
2 79.36
4 79.38
3 79.39
5 79.39
4 79.40
3 79.41
6 79.46
3 79.47
5 79.48
1 79.53
4 79.57
1 79.59
3 79.60
4 79.61
1 79.63
2 79.65
9 79.66
1 79.67
2 79.68
9 79.69
2 79.71
9 79.72
1 79.74
3 79.75
3 79.76
1 79.77
5 79.80
2 79.82
1 79.83
9 79.84
1 79.85
2 79.86
1 79.87
1 79.89
2 79.93
1 79.93
2 79.95
3 79.98
2 80.00
1 80.02
2 80.04
3 80.05
2 80.06
3 80.08
1 80.11
2 80.12
9 80.14
1 80.15
6 80.17
2 80.19
9 80.20
1 80.20
3 80.30
2 80.32
1 80.33
3 80.34
6 80.35
3 80.36
4 80.37
6 80.38
4 80.41
3 80.44
1 80.45
2 80.46
6 80.47
6 80.48
9 80.49
6 80.52
2 80.53
6 80.54
2 80.55
1 80.56
1 80.61
2 80.63
6 80.64
1 80.65
2 80.67
6 80.69
4 80.71
2 80.72
4 80.74
1 80.75
3 80.76
1 80.77
1 80.83
4 80.86
1 80.90
3 80.92
1 80.94
8 80.96
2 80.97
2 81.00
8 81.01
8 81.03
1 81.05
6 81.06
8 81.08
6 81.09
8 81.11
1 81.12
2 81.13
1 81.16
2 81.23
1 81.25
2 81.26
4 81.27
3 81.28
2 81.28
3 81.29
1 81.30
2 81.31
5 81.33
1 81.34
10 81.35
3 81.36
10 81.37
4 81.37
5 81.38
4 81.41
5 81.42
4 81.44
5 81.45
4 81.46
5 81.47
4 81.51
5 81.52
4 81.55
5 81.57
4 81.58
5 81.59
1 81.62
5 81.64
5 81.66
2 81.69
5 81.70
2 81.73
5 81.77
2 81.78
3 81.79
5 81.82
2 81.84
5 81.86
3 81.89
5 81.91
3 81.92
4 81.93
3 81.94
3 81.99
5 82.00
1 82.01
10 82.06
1 82.07
12 82.08
1 82.10
12 82.11
2 82.12
11 82.17
4 82.19
2 82.20
10 82.22
3 82.23
3 82.27
2 82.28
6 82.34
1 82.37
6 82.38
8 82.41
3 82.45
8 82.46
3 82.48
2 82.50
3 82.51
2 82.52
10 82.54
2 82.55
3 82.56
1 82.57
11 82.58
3 82.61
2 82.62
11 82.63
2 82.64
3 82.65
3 82.68
2 82.69
3 82.70
1 82.71
3 82.74
1 82.75
3 82.78
1 82.79
2 82.82
3 82.83
11 82.88
4 82.89
1 82.90
4 82.91
1 82.92
3 82.93
1 82.96
3 82.98
1 83.01
3 83.02
1 83.03
1 83.07
3 83.08
2 83.09
4 83.11
2 83.13
3 83.14
2 83.16
3 83.17
2 83.18
1 83.18
2 83.19
3 83.20
2 83.23
2 83.25
1 83.28
2 83.30
3 83.31
2 83.32
3 83.35
1 83.37
2 83.38
3 83.40
3 83.44
1 83.45
3 83.46
1 83.48
2 83.49
1 83.50
4 83.51
3 83.53
1 83.55
3 83.63
1 83.64
3 83.66
1 83.70
3 83.72
1 83.75
3 83.77
1 83.78
3 83.81
1 83.82
3 83.83
1 83.84
3 83.87
1 83.88
3 83.89
1 83.91
3 83.94
2 83.95
1 83.96
3 83.98
1 83.99
3 84.00
2 84.01
2 84.07
3 84.09
2 84.09
3 84.12
2 84.13
2 84.17
3 84.18
2 84.18
1 84.20
3 84.21
1 84.23
6 84.25
4 84.27
10 84.28
4 84.29
10 84.30
6 84.31
4 84.32
12 84.34
4 84.36
12 84.37
4 84.38
6 84.39
4 84.40
6 84.42
10 84.43
1 84.47
2 84.52
1 84.54
2 84.54
9 84.56
2 84.58
12 84.59
2 84.61
12 84.62
2 84.63
4 84.69
2 84.70
6 84.72
1 84.73
1 84.75
2 84.78
1 84.79
6 84.80
12 84.83
1 84.85
6 84.87
4 84.90
6 84.90
12 84.91
4 84.95
12 84.96
12 85.00
4 85.01
2 85.03
12 85.04
8 85.06
4 85.08
1 85.11
1 85.14
3 85.15
4 85.17
1 85.20
3 85.22
4 85.23
8 85.24
3 85.26
8 85.26
3 85.27
8 85.31
8 85.33
1 85.35
4 85.36
3 85.37
1 85.38
1 85.41
10 85.42
3 85.43
4 85.44
1 85.46
8 85.47
1 85.48
3 85.50
4 85.51
1 85.53
4 85.53
8 85.54
1 85.55
8 85.56
3 85.57
1 85.60
4 85.61
1 85.62
3 85.62
8 85.64
12 85.65
1 85.66
1 85.68
3 85.69
1 85.70
10 85.72
12 85.76
3 85.77
4 85.78
6 85.79
8 85.80
2 85.82
8 85.83
4 85.84
3 85.86
2 85.89
1 85.90
6 85.92
5 85.95
3 85.97
3 85.99
2 86.00
3 86.03
4 86.07
3 86.08
1 86.08
8 86.11
5 86.12
3 86.13
5 86.14
3 86.16
5 86.17
3 86.20
5 86.23
4 86.26
5 86.26
4 86.28
5 86.29
14 86.31
4 86.33
5 86.34
8 86.35
14 86.36
8 86.38
5 86.42
8 86.43
1 86.45
1 86.47
8 86.49
5 86.50
15 86.51
5 86.53
15 86.55
5 86.59
1 86.60
15 86.66
2 86.68
3 86.71
5 86.71
3 86.73
4 86.74
1 86.75
4 86.76
1 86.77
3 86.79
1 86.80
3 86.86
2 86.89
3 86.89
1 86.91
5 86.93
3 86.94
5 86.95
3 86.96
15 86.97
3 86.98
2 86.99
14 87.00
6 87.02
10 87.04
5 87.05
6 87.06
5 87.07
3 87.10
4 87.11
6 87.14
1 87.15
4 87.16
3 87.19
5 87.21
4 87.23
5 87.25
3 87.25
4 87.26
5 87.28
3 87.29
5 87.30
3 87.31
4 87.32
5 87.34
4 87.35
14 87.37
5 87.39
4 87.40
5 87.43
4 87.44
5 87.45
3 87.46
3 87.49
5 87.50
3 87.52
2 87.52
13 87.53
10 87.57
5 87.59
6 87.60
5 87.62
6 87.65
2 87.66
11 87.68
2 87.70
11 87.71
3 87.72
1 87.73
3 87.83
8 87.85
13 87.86
5 87.88
8 87.88
6 87.90
5 87.93
7 87.94
3 87.95
6 87.97
8 88.02
3 88.03
8 88.05
6 88.07
7 88.08
1 88.09
6 88.14
3 88.15
7 88.16
5 88.19
3 88.20
1 88.22
8 88.25
11 88.27
1 88.28
8 88.31
3 88.32
2 88.33
12 88.34
1 88.36
8 88.37
6 88.38
5 88.40
4 88.41
1 88.43
16 88.45
11 88.46
1 88.48
11 88.52
2 88.54
1 88.56
1 88.59
3 88.60
3 88.61
1 88.65
3 88.67
8 88.69
1 88.70
3 88.71
1 88.72
3 88.73
1 88.75
3 88.76
1 88.78
3 88.79
1 88.79
3 88.81
1 88.84
3 88.86
1 88.87
5 88.88
3 88.88
1 88.92
3 88.93
1 88.94
3 88.96
1 88.97
3 88.97
3 89.00
1 89.02
3 89.04
1 89.05
3 89.06
5 89.08
1 89.10
5 89.12
1 89.13
3 89.15
1 89.15
3 89.17
5 89.18
3 89.19
1 89.20
3 89.24
1 89.24
3 89.26
1 89.28
5 89.32
1 89.34
5 89.35
1 89.37
5 89.38
1 89.40
5 89.41
1 89.42
5 89.43
1 89.46
3 89.49
2 89.50
5 89.52
2 89.59
3 89.60
5 89.61
5 89.64
3 89.65
5 89.66
1 89.67
5 89.69
1 89.70
2 89.71
1 89.73
5 89.77
2 89.78
5 89.78
2 89.79
1 89.80
1 89.83
5 89.85
1 89.86
3 89.89
1 89.92
3 89.93
2 89.95
5 89.96
2 89.96
5 89.97
10 89.99
2 90.01
5 90.02
2 90.04
10 90.05
1 90.05
3 90.07
5 90.09
2 90.10
5 90.12
2 90.13
3 90.16
2 90.17
3 90.18
2 90.19
3 90.22
2 90.24
3 90.27
2 90.28
5 90.29
3 90.30
2 90.31
3 90.32
2 90.33
3 90.33
5 90.35
10 90.37
3 90.38
1 90.39
5 90.40
2 90.41
3 90.42
5 90.42
1 90.44
5 90.45
3 90.46
2 90.47
5 90.49
2 90.51
3 90.56
6 90.57
2 90.60
2 90.65
1 90.66
2 90.68
1 90.69
5 90.72
1 90.75
3 90.78
5 90.79
2 90.81
5 90.82
2 90.83
1 90.85
2 90.86
4 90.87
5 90.88
2 90.89
5 90.90
2 90.92
3 90.93
5 90.94
5 90.96
3 90.97
1 91.02
2 91.05
1 91.08
3 91.11
1 91.12
4 91.13
1 91.14
2 91.15
1 91.16
6 91.17
2 91.19
4 91.26
3 91.27
2 91.29
6 91.31
6 91.33
2 91.34
4 91.36
6 91.37
2 91.39
6 91.40
2 91.41
6 91.41
4 91.43
2 91.44
6 91.45
2 91.48
6 91.50
2 91.52
3 91.54
2 91.57
3 91.59
6 91.60
2 91.63
4 91.64
6 91.66
6 91.69
3 91.71
2 91.73
5 91.75
2 91.76
1 91.77
2 91.78
14 91.79
2 91.80
14 91.82
8 91.84
5 91.86
1 91.86
3 91.87
5 91.88
10 91.89
5 91.90
10 91.91
2 91.93
10 91.94
2 91.95
4 91.96
1 91.97
3 92.00
5 92.01
4 92.04
5 92.06
2 92.09
7 92.10
5 92.11
7 92.12
10 92.15
3 92.16
10 92.22
3 92.23
10 92.24
3 92.26
2 92.28
3 92.30
2 92.31
7 92.32
10 92.35
2 92.36
1 92.41
2 92.42
2 92.44
1 92.46
2 92.48
1 92.50
5 92.53
1 92.54
5 92.56
1 92.59
3 92.59
5 92.60
1 92.61
2 92.63
1 92.64
5 92.65
2 92.66
5 92.68
2 92.70
5 92.71
3 92.73
1 92.75
5 92.76
1 92.78
3 92.79
5 92.80
3 92.83
4 92.84
9 92.85
5 92.86
4 92.87
3 92.88
9 92.89
5 92.92
9 92.93
6 92.94
5 92.95
6 92.96
5 92.97
6 92.98
3 92.99
9 93.02
6 93.03
5 93.04
3 93.05
6 93.06
3 93.07
6 93.08
5 93.10
6 93.12
3 93.13
6 93.15
5 93.18
3 93.19
9 93.20
6 93.22
9 93.22
3 93.23
9 93.25
5 93.26
6 93.27
3 93.30
9 93.31
6 93.34
4 93.40
3 93.40
3 93.43
5 93.46
6 93.49
3 93.50
10 93.52
6 93.55
2 93.58
6 93.60
1 93.61
6 93.62
2 93.63
5 93.64
1 93.66
6 93.67
5 93.71
1 93.73
6 93.75
1 93.76
6 93.76
1 93.77
6 93.78
1 93.79
6 93.85
6 93.87
4 93.89
6 93.90
4 93.91
1 93.92
6 93.93
1 93.94
4 93.94
6 93.95
4 93.96
1 93.97
1 94.01
6 94.02
5 94.03
6 94.04
6 94.13
9 94.18
6 94.19
6 94.23
9 94.28
5 94.30
1 94.31
7 94.32
9 94.34
1 94.35
7 94.36
1 94.37
7 94.38
1 94.39
6 94.42
1 94.43
5 94.45
3 94.46
5 94.47
3 94.48
6 94.48
3 94.49
1 94.50
3 94.51
1 94.52
7 94.53
7 94.55
9 94.56
5 94.58
6 94.59
2 94.62
1 94.63
6 94.65
1 94.66
2 94.67
6 94.67
2 94.69
6 94.70
1 94.71
6 94.75
1 94.77
1 94.80
6 94.81
1 94.82
4 94.85
2 94.87
1 94.89
6 94.90
6 94.94
10 94.95
6 94.96
16 94.97
6 94.99
10 95.03
6 95.04
5 95.05
6 95.08
6 95.12
5 95.12
6 95.13
5 95.17
2 95.19
2 95.21
3 95.24
3 95.27
6 95.29
3 95.31
6 95.32
3 95.35
2 95.36
4 95.38
2 95.39
3 95.40
4 95.42
2 95.43
4 95.45
6 95.46
1 95.48
3 95.48
11 95.51
10 95.52
1 95.55
1 95.61
7 95.62
2 95.63
7 95.64
2 95.65
1 95.66
7 95.68
2 95.70
7 95.72
7 95.74
2 95.76
7 95.83
2 95.84
7 95.84
2 95.85
1 95.87
2 95.89
1 95.90
2 95.93
7 95.95
2 95.96
7 95.97
1 96.01
7 96.02
7 96.03
7 96.06
2 96.07
7 96.09
1 96.10
7 96.11
2 96.13
7 96.18
1 96.21
4 96.24
1 96.25
6 96.27
5 96.29
6 96.32
5 96.33
6 96.34
5 96.35
6 96.36
5 96.38
1 96.39
6 96.42
1 96.45
5 96.47
1 96.48
3 96.52
6 96.54
1 96.55
3 96.56
1 96.58
3 96.60
1 96.62
6 96.64
3 96.65
2 96.66
3 96.67
2 96.69
1 96.70
1 96.75
3 96.77
4 96.78
3 96.81
1 96.83
6 96.84
1 96.84
6 96.85
1 96.86
6 96.89
3 96.91
6 96.92
3 96.93
4 96.93
4 96.96
6 96.98
4 96.99
6 97.00
2 97.05
9 97.08
2 97.09
6 97.13
9 97.16
2 97.17
9 97.19
6 97.20
2 97.22
5 97.24
2 97.25
1 97.28
6 97.29
6 97.34
1 97.35
6 97.38
1 97.39
2 97.40
1 97.41
2 97.43
1 97.45
2 97.46
1 97.49
5 97.55
9 97.56
2 97.57
2 97.60
1 97.61
9 97.62
1 97.63
2 97.64
6 97.65
1 97.67
6 97.69
1 97.70
2 97.71
6 97.73
1 97.74
6 97.77
7 97.80
2 97.83
7 97.84
2 97.85
7 97.87
7 97.91
6 97.93
8 97.94
1 97.97
7 97.98
1 98.00
7 98.01
2 98.01
8 98.03
8 98.05
2 98.06
6 98.10
7 98.10
6 98.11
7 98.12
6 98.15
7 98.18
2 98.20
2 98.22
1 98.23
7 98.24
1 98.25
7 98.26
1 98.30
2 98.35
4 98.37
6 98.37
1 98.38
6 98.40
1 98.41
6 98.42
7 98.43
1 98.44
7 98.45
1 98.46
6 98.47
3 98.50
6 98.52
3 98.53
6 98.55
4 98.55
3 98.56
6 98.57
4 98.62
3 98.64
6 98.65
5 98.68
8 98.73
5 98.75
2 98.77
5 98.79
2 98.81
5 98.82
2 98.84
5 98.86
2 98.90
9 98.91
2 98.92
5 98.93
9 98.94
5 98.95
9 98.99
5 99.00
9 99.01
1 99.01
4 99.04
1 99.05
4 99.10
1 99.10
4 99.11
1 99.13
6 99.14
2 99.16
8 99.17
2 99.18
8 99.19
6 99.24
1 99.31
2 99.34
4 99.35
6 99.37
3 99.38
5 99.40
2 99.41
3 99.43
2 99.44
3 99.45
5 99.46
2 99.47
5 99.48
2 99.50
3 99.52
9 99.55
5 99.59
2 99.61
3 99.64
6 99.65
2 99.70
3 99.71
2 99.73
3 99.73
1 99.74
9 99.75
2 99.77
6 99.78
5 99.82
3 99.82
2 99.85
4 99.90
5 99.91
3 99.92
5 99.93
9 99.96
6 100.00
